********** Digits **********
Classification report
              precision    recall  f1-score   support

           0       0.98      0.94      0.96        53
           1       0.74      0.70      0.72        53
           2       0.98      0.85      0.91        53
           3       0.93      0.74      0.82        53
           4       0.98      0.91      0.95        57
           5       0.87      0.95      0.91        56
           6       0.96      0.98      0.97        54
           7       0.77      0.81      0.79        54
           8       0.63      0.75      0.68        52
           9       0.71      0.82      0.76        55

    accuracy                           0.85       540
   macro avg       0.86      0.84      0.85       540
weighted avg       0.86      0.85      0.85       540

Confusion matrix
[[50,  1,  0,  0,  1,  0,  0,  0,  1,  0],
 [ 1, 37,  0,  0,  0,  0,  0,  0,  4, 11],
 [ 0,  3, 45,  1,  0,  0,  1,  0,  0,  3],
 [ 0,  0,  0, 39,  0,  2,  0,  2,  9,  1],
 [ 0,  0,  0,  0, 52,  0,  0,  4,  1,  0],
 [ 0,  1,  0,  0,  0, 53,  1,  0,  1,  0],
 [ 0,  1,  0,  0,  0,  0, 53,  0,  0,  0],
 [ 0,  0,  1,  0,  0,  2,  0, 44,  7,  0],
 [ 0,  6,  0,  1,  0,  1,  0,  2, 39,  3],
 [ 0,  1,  0,  1,  0,  3,  0,  5,  0, 45]]


********** Reduced digits **********
Classification report
              precision    recall  f1-score   support

           0       0.92      0.91      0.91        53
           1       0.89      0.64      0.75        53
           2       0.98      0.94      0.96        53
           3       0.93      0.75      0.83        53
           4       0.95      0.93      0.94        57
           5       0.89      0.88      0.88        56
           6       0.96      0.87      0.91        54
           7       0.81      0.85      0.83        54
           8       0.60      0.87      0.71        52
           9       0.70      0.82      0.76        55

    accuracy                           0.85       540
   macro avg       0.86      0.85      0.85       540
weighted avg       0.86      0.85      0.85       540

Confusion matrix
[[48,  0,  0,  0,  3,  0,  0,  1,  1,  0],
 [ 0, 34,  0,  0,  0,  1,  0,  0,  6, 12],
 [ 1,  0, 50,  0,  0,  0,  0,  0,  1,  1],
 [ 0,  1,  0, 40,  0,  0,  0,  3,  9,  0],
 [ 0,  0,  0,  0, 53,  0,  0,  1,  3,  0],
 [ 0,  0,  1,  0,  0, 49,  2,  0,  3,  1],
 [ 3,  1,  0,  0,  0,  0, 47,  0,  1,  2],
 [ 0,  0,  0,  1,  0,  2,  0, 46,  5,  0],
 [ 0,  1,  0,  0,  0,  1,  0,  2, 45,  3],
 [ 0,  1,  0,  2,  0,  2,  0,  4,  1, 45]]


********** MNIST_Light **********
Classification report
              precision    recall  f1-score   support

           0       0.01      0.01      0.01       164
           1       0.00      0.00      0.00       152
           2       0.14      0.14      0.14       155
           3       0.12      0.10      0.11       154
           4       0.01      0.01      0.01       143
           5       0.03      0.04      0.03       141
           6       0.84      0.96      0.90       143
           7       0.03      0.04      0.04       158
           8       0.03      0.02      0.03       132
           9       0.04      0.03      0.04       158

    accuracy                           0.13      1500
   macro avg       0.13      0.14      0.13      1500
weighted avg       0.12      0.13      0.13      1500

Confusion matrix
[[  1,   0,   3,   5, 152,   1,   1,   0,   1,   0],
 [  0,   0,   5,   0,   0,   0,   1, 146,   0,   0],
 [  9,   1,  22, 102,   1,   0,  12,   5,   2,   1],
 [119,   0,   4,  15,   1,   6,   2,   5,   1,   1],
 [  1,  87,   4,   2,   2,  40,   6,   1,   0,   0],
 [ 19,   3,  18,   1,  10,   6,   1,   5,  77,   1],
 [  0,   0,   2,   0,   1,   0, 137,   1,   2,   0],
 [  1,   6,   1,   1,   0,  35,   0,   6,   0, 108],
 [  2,   1,  97,   2,   0,  11,   3,  13,   3,   0],
 [  2,   7,   2,   0,   2, 139,   0,   1,   0,   5]]