********** Digits **********
Classification report
              precision    recall  f1-score   support

           0       0.96      0.96      0.96        53
           1       0.65      0.79      0.71        53
           2       0.98      0.81      0.89        53
           3       0.92      0.64      0.76        53
           4       1.00      0.86      0.92        57
           5       0.83      0.93      0.87        56
           6       0.96      0.98      0.97        54
           7       0.73      0.83      0.78        54
           8       0.59      0.71      0.64        52
           9       0.82      0.73      0.77        55

    accuracy                           0.83       540
   macro avg       0.84      0.82      0.83       540
weighted avg       0.84      0.83      0.83       540

Confusion matrix
[[51,  0,  0,  0,  0,  0,  0,  0,  2,  0],
 [ 0, 42,  1,  0,  0,  0,  0,  0,  3,  7],
 [ 0,  5, 43,  1,  0,  0,  1,  0,  1,  2],
 [ 0,  3,  0, 34,  0,  3,  0,  2, 11,  0],
 [ 1,  0,  0,  0, 49,  0,  0,  6,  1,  0],
 [ 0,  2,  0,  0,  0, 52,  1,  1,  0,  0],
 [ 0,  1,  0,  0,  0,  0, 53,  0,  0,  0],
 [ 0,  0,  0,  0,  0,  2,  0, 45,  7,  0],
 [ 0, 11,  0,  1,  0,  1,  0,  2, 37,  0],
 [ 1,  1,  0,  1,  0,  5,  0,  6,  1, 40]]


********** Reduced digits **********
Classification report
              precision    recall  f1-score   support

           0       0.94      0.94      0.94        53
           1       0.81      0.40      0.53        53
           2       0.97      0.70      0.81        53
           3       1.00      0.26      0.42        53
           4       0.98      0.93      0.95        57
           5       0.93      0.66      0.77        56
           6       0.96      0.94      0.95        54
           7       0.81      0.85      0.83        54
           8       0.35      0.90      0.50        52
           9       0.62      0.78      0.69        55

    accuracy                           0.74       540
   macro avg       0.84      0.74      0.74       540
weighted avg       0.84      0.74      0.74       540

Confusion matrix
[[50,  0,  0,  0,  1,  0,  0,  0,  2,  0],
 [ 0, 21,  0,  0,  0,  0,  0,  1, 19, 12],
 [ 1,  0, 37,  0,  0,  0,  0,  0, 14,  1],
 [ 0,  3,  0, 14,  0,  0,  0,  2, 26,  8],
 [ 0,  0,  0,  0, 53,  0,  0,  1,  3,  0],
 [ 1,  1,  1,  0,  0, 37,  2,  0, 12,  2],
 [ 0,  0,  0,  0,  0,  0, 51,  0,  2,  1],
 [ 0,  0,  0,  0,  0,  2,  0, 46,  6,  0],
 [ 0,  0,  0,  0,  0,  1,  0,  2, 47,  2],
 [ 1,  1,  0,  0,  0,  0,  0,  5,  5, 43]]


********** MNIST_Light **********
Classification report
              precision    recall  f1-score   support

           0       0.54      0.94      0.69       164
           1       0.71      0.94      0.81       152
           2       0.83      0.50      0.62       155
           3       0.83      0.53      0.65       154
           4       0.75      0.31      0.44       143
           5       0.67      0.16      0.25       141
           6       0.81      0.85      0.83       143
           7       0.83      0.82      0.83       158
           8       0.41      0.64      0.50       132
           9       0.60      0.84      0.70       158

    accuracy                           0.66      1500
   macro avg       0.70      0.65      0.63      1500
weighted avg       0.70      0.66      0.64      1500

Confusion matrix
[[154,   0,   6,   0,   1,   1,   0,   0,   1,   1],
 [  1, 143,   1,   0,   0,   1,   0,   1,   3,   2],
 [ 11,   6,  77,  10,   2,   1,  19,   1,  27,   1],
 [ 32,  11,   5,  82,   0,   0,   2,   3,  12,   7],
 [ 10,   1,   2,   2,  45,   2,   6,   9,  24,  42],
 [ 55,   7,   0,   2,   2,  22,   1,   0,  47,   5],
 [ 10,   7,   0,   0,   0,   2, 122,   0,   2,   0],
 [  2,   1,   1,   2,   3,   0,   0, 130,   3,  16],
 [  5,  23,   1,   1,   0,   4,   1,   0,  84,  13],
 [  3,   1,   0,   0,   7,   0,   0,  12,   2, 133]]