********** Digits **********
Classification report
              precision    recall  f1-score   support

           0       0.24      1.00      0.39        53
           1       0.84      0.51      0.64        53
           2       1.00      0.36      0.53        53
           3       1.00      0.58      0.74        53
           4       0.95      0.65      0.77        57
           5       0.88      0.52      0.65        56
           6       1.00      0.65      0.79        54
           7       0.86      0.59      0.70        54
           8       0.72      0.65      0.69        52
           9       0.75      0.65      0.70        55

    accuracy                           0.62       540
   macro avg       0.83      0.62      0.66       540
weighted avg       0.83      0.62      0.66       540

Confusion matrix
[[53,  0,  0,  0,  0,  0,  0,  0,  0,  0],
 [20, 27,  0,  0,  1,  0,  0,  0,  3,  2],
 [28,  0, 19,  0,  0,  0,  0,  0,  5,  1],
 [13,  0,  0, 31,  0,  3,  0,  1,  3,  2],
 [20,  0,  0,  0, 37,  0,  0,  0,  0,  0],
 [19,  2,  0,  0,  0, 29,  0,  1,  1,  4],
 [18,  0,  0,  0,  0,  0, 35,  0,  1,  0],
 [21,  0,  0,  0,  0,  0,  0, 32,  0,  1],
 [13,  2,  0,  0,  1,  0,  0,  0, 34,  2],
 [14,  1,  0,  0,  0,  1,  0,  3,  0, 36]]


********** Reduced digits **********
Classification report
              precision    recall  f1-score   support

           0       0.76      0.91      0.83        53
           1       0.84      0.70      0.76        53
           2       0.94      0.89      0.91        53
           3       0.80      0.75      0.78        53
           4       0.94      0.89      0.92        57
           5       0.84      0.88      0.86        56
           6       0.98      0.83      0.90        54
           7       0.83      0.80      0.81        54
           8       0.71      0.77      0.74        52
           9       0.66      0.80      0.72        55

    accuracy                           0.82       540
   macro avg       0.83      0.82      0.82       540
weighted avg       0.83      0.82      0.82       540

Confusion matrix
[[48,  0,  0,  0,  3,  1,  0,  0,  1,  0],
 [ 0, 37,  1,  0,  0,  1,  0,  0,  3, 11],
 [ 2,  0, 47,  3,  0,  0,  0,  0,  0,  1],
 [ 0,  2,  1, 40,  0,  1,  0,  3,  5,  1],
 [ 2,  0,  0,  0, 51,  1,  0,  1,  2,  0],
 [ 1,  1,  0,  0,  0, 49,  1,  0,  1,  3],
 [ 3,  0,  0,  3,  0,  1, 45,  0,  1,  1],
 [ 7,  0,  0,  0,  0,  1,  0, 43,  3,  0],
 [ 0,  3,  1,  0,  0,  1,  0,  1, 40,  6],
 [ 0,  1,  0,  4,  0,  2,  0,  4,  0, 44]]