********** Digits **********
Classification report
              precision    recall  f1-score   support

           0       0.96      0.98      0.97        53
           1       0.89      0.75      0.82        53
           2       0.98      0.85      0.91        53
           3       0.84      0.77      0.80        53
           4       0.98      0.93      0.95        57
           5       0.86      0.89      0.88        56
           6       0.98      0.96      0.97        54
           7       0.90      0.96      0.93        54
           8       0.80      0.75      0.77        52
           9       0.65      0.87      0.74        55

    accuracy                           0.87       540
   macro avg       0.88      0.87      0.88       540
weighted avg       0.88      0.87      0.88       540

Confusion matrix
[[52,  0,  0,  0,  1,  0,  0,  0,  0,  0],
 [ 0, 40,  0,  0,  0,  1,  0,  0,  0, 12],
 [ 1,  0, 45,  6,  0,  0,  0,  0,  0,  1],
 [ 0,  1,  0, 41,  0,  2,  0,  3,  5,  1],
 [ 1,  0,  0,  0, 53,  0,  0,  0,  3,  0],
 [ 0,  0,  0,  0,  0, 50,  1,  0,  0,  5],
 [ 0,  2,  0,  0,  0,  0, 52,  0,  0,  0],
 [ 0,  0,  0,  0,  0,  0,  0, 52,  2,  0],
 [ 0,  2,  1,  0,  0,  1,  0,  2, 39,  7],
 [ 0,  0,  0,  2,  0,  4,  0,  1,  0, 48]]


********** Reduced digits **********
Classification report
              precision    recall  f1-score   support

           0       0.84      1.00      0.91        53
           1       0.72      0.43      0.54        53
           2       0.88      0.72      0.79        53
           3       0.58      0.74      0.65        53
           4       0.91      0.91      0.91        57
           5       0.88      0.66      0.76        56
           6       0.89      0.93      0.91        54
           7       0.96      0.81      0.88        54
           8       0.57      0.90      0.70        52
           9       0.69      0.64      0.66        55

    accuracy                           0.77       540
   macro avg       0.79      0.77      0.77       540
weighted avg       0.79      0.77      0.77       540

Confusion matrix
[[53,  0,  0,  0,  0,  0,  0,  0,  0,  0],
 [ 0, 23,  0,  5,  0,  0,  0,  0, 14, 11],
 [ 4,  1, 38,  5,  0,  0,  0,  0,  5,  0],
 [ 0,  4,  3, 39,  0,  2,  0,  0,  5,  0],
 [ 1,  1,  0,  0, 52,  0,  0,  0,  3,  0],
 [ 4,  0,  0,  5,  1, 37,  5,  0,  0,  4],
 [ 0,  3,  0,  0,  0,  0, 50,  0,  1,  0],
 [ 0,  0,  2,  0,  3,  0,  0, 44,  5,  0],
 [ 0,  0,  0,  1,  1,  0,  1,  1, 47,  1],
 [ 1,  0,  0, 12,  0,  3,  0,  1,  3, 35]]


********** MNIST_Light **********
Classification report
              precision    recall  f1-score   support

           0       0.91      0.91      0.91       164
           1       0.71      0.97      0.82       152
           2       0.84      0.73      0.78       155
           3       0.74      0.76      0.75       154
           4       0.75      0.76      0.75       143
           5       0.72      0.69      0.70       141
           6       0.90      0.86      0.88       143
           7       0.95      0.80      0.87       158
           8       0.79      0.72      0.75       132
           9       0.76      0.80      0.78       158

    accuracy                           0.80      1500
   macro avg       0.81      0.80      0.80      1500
weighted avg       0.81      0.80      0.80      1500

Confusion matrix
[[150,   0,   2,   0,   0,   6,   3,   1,   2,   0],
 [  0, 148,   0,   0,   0,   2,   0,   0,   2,   0],
 [  0,  15, 113,   8,   2,   3,   3,   1,   8,   2],
 [  1,   5,   8, 117,   1,   7,   1,   2,   8,   4],
 [  1,   4,   2,   0, 108,   0,   3,   0,   1,  24],
 [  3,   9,   0,  24,   4,  97,   2,   0,   1,   1],
 [  3,   6,   2,   0,   4,   5, 123,   0,   0,   0],
 [  1,  14,   2,   0,   6,   1,   0, 127,   1,   6],
 [  3,   6,   4,   8,   0,  12,   1,   0,  95,   3],
 [  3,   0,   1,   1,  19,   2,   1,   3,   2, 126]]